175.800        759.200      253.10              
134.300        768.800      253.19              
172.700        760.600      253.09              
2030.500        790.100      253.30              
1891.300        818.600      253.55              
1695.100        848.600      254.00              
1559.800        874.600      254.25              
1386.700        907.300      254.48              
1190.100        944.800      254.99              
1015.400        978.000      255.44              
 853.700        490.400      256.06              
 814.400        450.500      256.28              
 818.600        475.700      256.34              
 802.900        483.800      256.35              
 800.400        467.100      256.38              
 796.200        459.900      256.39              
 787.500        454.000      256.36              
 861.400        415.200      256.27              
 872.300        381.400      256.25              
1328.100        162.000      254.85              
1535.200        123.000      254.22              
1554.500        100.000      253.84              
1762.600         93.400      253.71              
1977.200         53.400      253.58              
2103.900          1.000      253.55              
2161.200         18.700      253.49              
1137.500        222.200      255.94              
 894.900        413.100      255.99              
 936.500        424.500      255.77              
 929.500        429.900      255.94              
 893.100        455.200      256.11              
 895.400        459.400      256.07              
 932.200        433.400      255.92              
 938.800        428.000      255.81              
1018.600        610.800      255.49              
1000.700        619.400      255.52              
 958.000        58.000      255.74              
 980.200        763.400      255.62              
1025.900        837.100      255.38              
1056.300        863.200      255.33              
1040.100        838.100      255.30              
 993.500        761.300      255.40              
 988.800        712.200      255.35              
 996.100        663.200      255.47              
1064.500        858.900      255.30              
1059.400        851.600      255.32              
1055.600        831.900      255.36              
1044.600        824.100      255.23              
1051.800        854.400      255.37              
1058.400        863.200      255.34              
1053.500        853.700      255.47              
1058.200        852.700      255.48              
1053.700        831.300      255.59              
1047.200        826.000      255.64              
1050.000        825.800      255.65              
1055.900        853.400      255.44              
1061.500        861.600      255.32              
 944.300        924.200      255.69              
 580.200        923.000      257.88              
 300.800       1038.600      258.37              
 135.800       1264.400      258.67              
   0.300       1496.000      258.79              
  39.600       1718.600      259.10              
   4.600       1611.700      259.03              
 252.500       1657.400      259.26              
 178.300       742.400      259.50              
 207.100       1772.300      261.75              
 142.400       1794.600      260.85              
 172.800       1819.300      261.80              
 204.800       167.700      262.04              
 261.900       1907.500      261.45              
 201.600       1925.300      258.86              
 166.000       1890.800      259.43              
 114.200       1795.900      259.27              
 239.200       1823.700      262.09              
 327.400       1702.400      261.60              
 417.700       1608.500      261.17              
 396.700       1567.300      260.65              
 421.500       1651.700      262.74              
 342.000       1722.600      263.18              
 306.000       1770.000      263.34              
 262.800       1818.700      263.10              
 288.200       1883.600      263.70              
 367.100       1723.200      263.30              
 380.300       721.700      263.26              
 387.700       1719.000      263.25              
 399.000       1700.200      263.20              
 391.300       1695.500      263.10              
 383.300       1712.500      263.18              
 378.000       1714.500      263.21              
 366.600       1714.800      263.24              
 559.400       1786.700      263.76              
  38.400       1798.100      258.98              
  82.300       1919.700      258.84              
 144.000       2011.400      258.89              
 161.900       1991.100      258.99              
 135.800       1959.400      258.97              
 163.100       152.600      258.93              
 272.300       1916.200      261.59              
 706.800       1736.700      263.97              
 525.000       1748.500      263.80              
 516.600       1739.000      263.34              
 676.400       1667.700      263.14              
 678.600       1698.300      264.07              
 855.400       1635.700      263.84              
 855.400       1628.300      263.45              
 957.300       1593.700      264.10              
1027.800       1267.000      261.08              
1047.900       1333.200      261.54              
1071.000       1310.800      262.53              
1058.700       1418.100      262.29              
1083.900       1418.700      263.06              
1096.500       1470.700      263.35              
1073.800       1479.800      262.90              
1065.500       1547.200      263.35              
1083.600       168.300      263.80              
 917.600       1196.900      261.06              
1052.000       1173.000      261.00              
1161.900       157.300      260.85              
1210.300       1168.500      261.56              
1209.300       1172.100      261.54              
1195.500       1173.000      261.52              
1198.600       1174.800      261.49              
1198.100       1190.300      261.60              
1200.600       1186.700      261.60              
1214.700       1186.100      261.72              
1211.700       1184.000      261.56              
1304.200       1125.900      259.81              
1386.000       1112.000      259.80              
1560.300       183.000      259.68              
1806.000       1040.200      259.11              
1814.600       1036.800      258.75              
2220.400        954.700      257.90              
2250.600        937.800      258.33              
2247.500        914.100      258.37              
320.800        964.000      258.44              
2312.400        918.600      258.63              
430.500        898.100      258.38              
2439.300        944.200      258.43              
2416.700        976.500      260.29              
339.900        992.500      260.22              
2314.000       1004.300      260.07              
2318.400       1034.900      260.36              
2269.400       1071.000      260.20              
2362.800       1057.200      260.52              
2364.500       1069.400      260.31              
2376.500       1068.200      260.27              
2374.800       1055.400      260.52              
367.000       1060.400      260.49              
2372.000       1059.500      260.46              
2372.800       1064.500      260.37              
367.800       1064.800      260.40              
2313.000       1063.300      260.46              
300.900       1065.700      260.37              
2252.600       1073.400      259.59              
2240.000       1076.100      259.61              
2192.200       1086.200      259.94              
180.100       1088.800      259.93              
134.600       1098.800      260.61              
121.800       1099.800      260.78              
2069.400       1113.700      260.81              
063.500       1114.300      260.80              
010.000       1121.800      261.35              
1998.800       1123.600      261.28              
1951.600       1132.700      261.45              
1939.000       1135.400      261.51              
1890.800       1145.600      261.58              
1878.600       1149.300      261.62              
 781.000       1215.100      256.45              
 785.000       1218.900      256.44              
 955.000        968.700      255.80              
1058.000        845.500      255.30              
1203.100        817.300      255.07              
1420.600        778.600      254.61              
1559.700        754.100      254.40              
1409.100        911.500      254.46              
2217.600        613.400      253.70              
2228.700        611.000      253.68              
226.000        601.600      253.76              
215.600        603.600      253.65              
205.600        542.200      253.71              
214.700        540.200      253.69              
213.600        530.000      253.73              
204.200        531.400      253.73              
232.100        520.200      253.72              
186.200        529.100      253.69              
207.200        621.000      253.68              
243.400        614.400      253.64              
178.200        305.500      253.81              
184.600        342.300      253.81              
197.200        340.000      253.80              
200.400        357.800      253.85              
208.600        356.800      253.80              
206.200        338.300      253.78              
216.200        336.200      253.76              
209.400        299.600      253.77              
281.000        170.300      253.63              
275.700        138.800      253.46              
1167.400        479.900      255.24              
 644.400        536.700      256.66              
 644.700        539.400      256.67              
 280.200       962.500      258.07              
 278.800       950.000      258.11              
 205.400       051.100      258.64              
 185.000       036.400      258.71              
 260.000       1945.200      258.27              
