125	320	350
245	353	212
332	237	250
456	250	333
111	222	335
222	250	255
333	150	250
444	124	650
123	150	350
292	150	250
379	55	250
492	125	392
147	350	230
292	350	151
12	56	234
156	289	456
456	12	500	
56	263	623	
126	315	396	
569	486	987
123	456	789
147	258	369
159	267	483
456	987	963	
965	785	459
369	754	196
985	471	285
963	951	753
745	896	789
482	684	423
984	973	156
963	915	215
51	653	784
156	23	412
199	673	784
75	915	645
456	212	894
985	69	187
845	99	305
819	163	395
915	645	456	
212	894	985	
69	187	845	
99	305	819	
163	395	745

